[maple-wood-planks.jpg]
filters=finetune2=1,0.403509,0.000000,0.000000,00000000,0.000000;Soften=1,50.000000,50.000000;Soften=1,50.000000,50.000000;Soften=1,50.000000,50.000000;
moddate=555abf6d44a2d101
width=2500
height=2500
textactive=0
